2.523076923076923
4.487804878048781
4.103448275862069
6.083333333333333
5.674418604651163
3.25
3.3461538461538463
4.3125
5.388888888888889
5.2631578947368425
5.586206896551724
4.463768115942029
5.745454545454545
3.5294117647058822
4.457142857142857
4.123076923076923
2.6666666666666665
3.606060606060606
3.803921568627451
3.3333333333333335
3.230769230769231
8.928571428571429
4.153846153846154
7.333333333333333
3.0303030303030303
4.142857142857143
4.4
6.45
5.571428571428571
3.5652173913043477
4.0
5.32
4.666666666666667
3.838709677419355
3.7209302325581395
4.388888888888889
4.2926829268292686
2.73972602739726
5.0508474576271185
3.9411764705882355
4.7407407407407405
5.542857142857143
4.217391304347826
4.526315789473684
4.553191489361702
4.578947368421052
4.984615384615385
3.8857142857142857
8.074074074074074
4.666666666666667
2.8450704225352115
4.735294117647059
6.833333333333333
7.870967741935484
3.540983606557377
4.121212121212121
3.5319148936170213
3.5384615384615383
4.037735849056604
3.3846153846153846
6.75
4.813559322033898
5.0625
2.878787878787879
3.838709677419355
7.6
4.0625
3.272727272727273
5.368421052631579
3.388888888888889
4.285714285714286
8.137931034482758
5.0
4.566037735849057
2.8636363636363638
7.416666666666667
5.866666666666666
5.36
3.253731343283582
3.1666666666666665
3.660377358490566
4.638297872340425
3.8275862068965516
7.357142857142857
7.4
4.09375
5.55
3.2
3.9272727272727272
7.3125
3.823529411764706
4.412698412698413
5.64
4.851063829787234
3.737704918032787
5.419354838709677
4.571428571428571
5.107142857142857
3.4339622641509435
4.892307692307693
3.6140350877192984
4.871794871794871
5.301587301587301
3.6875
3.4285714285714284
3.888888888888889
5.607843137254902
7.2
6.297872340425532
4.6
5.6
2.753623188405797
3.7083333333333335
3.217391304347826
5.545454545454546
2.830188679245283
3.843137254901961
4.680851063829787
3.5774647887323945
5.055555555555555
3.466666666666667
3.25
6.171428571428572
2.466666666666667
5.241379310344827
4.780487804878049
6.206896551724138
5.458333333333333
3.7818181818181817
4.153846153846154
7.0
9.0
2.8
5.875
5.15
4.37037037037037
6.645161290322581
4.7384615384615385
6.387096774193548
3.3442622950819674
7.548387096774194
2.6885245901639343
5.2592592592592595
5.087719298245614
4.057971014492754
6.0606060606060606
4.0
6.3125
2.488888888888889
2.967741935483871
5.130434782608695
3.057142857142857
6.866666666666666
4.2592592592592595
5.135135135135135
4.142857142857143
5.5
3.9384615384615387
6.277777777777778
4.827586206896552
6.882352941176471
7.212121212121212
6.125
4.918032786885246
3.2777777777777777
4.105263157894737
3.3333333333333335
3.3846153846153846
4.3076923076923075
6.0
4.430769230769231
3.533333333333333
4.375
3.8636363636363638
3.7714285714285714
3.466666666666667
2.7222222222222223
2.356164383561644
5.714285714285714
4.379310344827586
2.7636363636363637
3.4827586206896552
8.296296296296296
3.9452054794520546
3.4761904761904763
2.6451612903225805
5.416666666666667
3.774193548387097
3.5686274509803924
2.926829268292683
5.576923076923077
4.507462686567164
3.9166666666666665
2.5964912280701755
7.67741935483871
4.5777777777777775
5.411764705882353
6.146341463414634
4.378378378378378
6.526315789473684
7.151515151515151
3.1
4.338983050847458
5.04
7.166666666666667
3.7534246575342465
3.488372093023256
4.733333333333333
4.277777777777778
8.88888888888889
5.75
7.25
3.5
6.606060606060606
2.984126984126984
9.461538461538462
4.72463768115942
4.033898305084746
3.7313432835820897
4.537313432835821
4.851063829787234
3.3442622950819674
4.2631578947368425
4.666666666666667
4.222222222222222
6.25
4.625
4.9523809523809526
3.7037037037037037
3.4
3.388888888888889
3.5272727272727273
3.9047619047619047
3.0277777777777777
6.121212121212121
7.67741935483871
5.173913043478261
5.217391304347826
5.129032258064516
4.606060606060606
3.967741935483871
3.358490566037736
3.75
4.903225806451613
6.0
3.9692307692307693
6.358974358974359
5.32258064516129
5.6
3.657142857142857
7.923076923076923
4.275862068965517
3.869565217391304
5.172413793103448
4.884615384615385
2.857142857142857
6.833333333333333
4.4
4.489795918367347
3.719298245614035
6.186046511627907
3.6363636363636362
3.9411764705882355
4.95
3.6363636363636362
4.694444444444445
3.3043478260869565
5.2
5.555555555555555
2.712328767123288
5.096774193548387
5.0
3.515151515151515
2.9523809523809526
5.1020408163265305
6.222222222222222
5.416666666666667
5.0588235294117645
5.333333333333333
6.1395348837209305
5.485714285714286
2.6451612903225805
4.4
4.190476190476191
5.103448275862069
4.680851063829787
6.3076923076923075
4.88135593220339
5.321428571428571
4.406779661016949
4.096774193548387
4.04
4.7317073170731705
7.032258064516129
3.0
5.321428571428571
3.86046511627907
6.428571428571429
5.644444444444445
4.285714285714286
4.2
2.641509433962264
5.523809523809524
4.212121212121212
5.551020408163265
7.0344827586206895
2.8275862068965516
4.0
3.3846153846153846
3.6666666666666665
3.5942028985507246
5.705882352941177
4.380952380952381
5.185185185185185
3.9047619047619047
2.851063829787234
4.754716981132075
3.0
4.262295081967213
3.7735849056603774
4.739726027397261
4.524590163934426
5.5
3.589041095890411
4.656716417910448
3.5942028985507246
3.492957746478873
6.8
4.7
4.068965517241379
3.870967741935484
4.0
4.413793103448276
2.9310344827586206
6.105263157894737
5.2
4.55
6.222222222222222
2.933333333333333
5.027027027027027
3.027027027027027
4.689655172413793
4.372881355932203
4.592592592592593
5.111111111111111
6.125
4.321428571428571
3.449275362318841
3.72972972972973
4.666666666666667
5.111111111111111
3.9375
4.0285714285714285
4.821428571428571
3.018181818181818
3.0
4.228571428571429
3.652173913043478
3.4716981132075473
7.085714285714285
4.203389830508475
8.083333333333334
4.680851063829787
3.95
3.4705882352941178
6.181818181818182
2.878787878787879
4.063492063492063
5.111111111111111
3.5416666666666665
4.571428571428571
6.823529411764706
3.101449275362319
3.4794520547945207
3.566666666666667
5.72972972972973
2.875
5.565217391304348
6.190476190476191
6.0
3.1475409836065573
4.137931034482759
6.4375
3.9384615384615387
3.8461538461538463
6.081632653061225
5.098039215686274
4.684210526315789
4.526315789473684
4.625
3.103448275862069
4.125
5.130434782608695
5.212121212121212
2.8771929824561404
3.6818181818181817
4.786885245901639
2.563380281690141
4.095238095238095
4.784313725490196
4.468085106382978
4.7727272727272725
5.405405405405405
5.142857142857143
3.757575757575758
4.47457627118644
6.076923076923077
4.148148148148148
6.378378378378378
4.117647058823529
3.3846153846153846
4.301369863013699
3.0980392156862746
4.73469387755102
3.8507462686567164
4.25
4.76595744680851
4.608695652173913
7.2
4.363636363636363
6.148148148148148
4.678571428571429
6.0
2.985074626865672
4.612244897959184
5.054545454545455
4.454545454545454
4.696969696969697
6.3478260869565215
3.8333333333333335
5.526315789473684
7.25
2.7540983606557377
5.176470588235294
5.45945945945946
4.666666666666667
3.4545454545454546
5.136363636363637
4.5423728813559325
3.754385964912281
5.257142857142857
3.1176470588235294
3.742857142857143
4.585365853658536
4.5423728813559325
8.75
2.875
4.588235294117647
2.782608695652174
5.25
4.27906976744186
3.2244897959183674
4.12
3.088235294117647
5.6875
4.3076923076923075
4.844444444444444
4.15
4.8076923076923075
3.253731343283582
3.76
4.068965517241379
4.285714285714286
5.105263157894737
5.674418604651163
7.538461538461538
7.666666666666667
3.1147540983606556
4.705882352941177
4.8
6.588235294117647
7.161290322580645
3.1363636363636362
3.948717948717949
3.36
5.686274509803922
4.029850746268656
5.6875
5.052631578947368
5.757575757575758
4.178571428571429
3.7
4.461538461538462
4.098360655737705
4.784313725490196
4.541666666666667
5.1020408163265305
4.196078431372549
4.415094339622642
3.6153846153846154
5.404255319148936
4.363636363636363
5.615384615384615
4.388888888888889
3.9574468085106385
3.6285714285714286
3.0491803278688523
4.742857142857143
3.739130434782609
5.183673469387755
4.631578947368421
5.529411764705882
9.23076923076923
4.1
4.777777777777778
3.72
3.3714285714285714
3.1555555555555554
6.628571428571429
4.253521126760563
7.037037037037037
3.6818181818181817
3.6875
5.291666666666667
4.290322580645161
6.378378378378378
2.96875
6.16
4.5
3.660377358490566
6.416666666666667
5.675675675675675
5.5625
3.576923076923077
5.846153846153846
5.290322580645161
4.549019607843137
6.5
6.375
4.285714285714286
6.666666666666667
6.823529411764706
4.580645161290323
3.9166666666666665
4.509803921568627
7.0625
6.054054054054054
3.3442622950819674
5.68
4.75
5.0588235294117645
5.576923076923077
4.746268656716418
4.379310344827586
5.379310344827586
3.71875
5.485714285714286
7.642857142857143
3.3559322033898304
6.666666666666667
4.956521739130435
6.833333333333333
4.680851063829787
4.203389830508475
5.066666666666666
4.85
3.96
6.645161290322581
4.6
5.870967741935484
5.114754098360656
6.488888888888889
5.534883720930233
4.742857142857143
2.3714285714285714
4.608695652173913
4.390243902439025
5.166666666666667
2.5365853658536586
3.2857142857142856
3.5254237288135593
3.353846153846154
5.74468085106383
3.509433962264151
5.39622641509434
5.589743589743589
6.7272727272727275
4.0
3.2
6.689655172413793
5.407407407407407
4.722222222222222
4.827586206896552
3.0689655172413794
4.071428571428571
3.9565217391304346
4.193548387096774
6.232558139534884
3.9285714285714284
5.45945945945946
4.064516129032258
5.157894736842105
4.3428571428571425
4.406779661016949
6.048780487804878
4.5
3.877551020408163
3.6451612903225805
3.8297872340425534
4.848484848484849
4.428571428571429
4.228571428571429
3.5076923076923077
3.673469387755102
7.212121212121212
4.653061224489796
3.111111111111111
5.2272727272727275
3.4
4.379310344827586
4.758620689655173
4.7368421052631575
8.0
3.25
3.7358490566037736
3.36
3.074626865671642
2.413793103448276
3.278688524590164
4.931034482758621
7.8
3.8208955223880596
5.28
5.310344827586207
7.0
3.5
4.909090909090909
4.916666666666667
4.378378378378378
3.5384615384615383
6.413793103448276
6.206896551724138
3.727272727272727
6.555555555555555
6.057142857142857
3.0980392156862746
5.333333333333333
3.5384615384615383
6.153846153846154
2.4477611940298507
3.657142857142857
5.1063829787234045
3.8125
5.351351351351352
3.836734693877551
4.304347826086956
4.904761904761905
4.705882352941177
5.7560975609756095
3.6785714285714284
6.277777777777778
3.681159420289855
5.767441860465116
3.272727272727273
3.59375
4.935483870967742
4.305084745762712
5.0
4.253521126760563
4.031746031746032
3.625
3.0144927536231885
6.814814814814815
7.2631578947368425
6.64
3.65625
3.911764705882353
5.375
3.6610169491525424
5.333333333333333
3.606060606060606
3.8620689655172415
4.7368421052631575
3.8181818181818183
4.296296296296297
3.0943396226415096
4.081632653061225
5.6875
4.545454545454546
4.0
3.7260273972602738
5.4
6.571428571428571
5.215686274509804
4.439024390243903
3.5384615384615383
3.9245283018867925
4.28125
4.0
4.75
5.28
3.8823529411764706
6.205128205128205
5.43859649122807
6.4324324324324325
2.6666666666666665
5.25
3.84
5.0606060606060606
3.1515151515151514
4.590909090909091
4.3076923076923075
2.980392156862745
3.6206896551724137
5.26530612244898
4.4
3.1666666666666665
4.909090909090909
4.557377049180328
4.535211267605634
3.7142857142857144
6.962962962962963
5.2
7.1891891891891895
6.066666666666666
4.972972972972973
6.0588235294117645
3.6444444444444444
4.507936507936508
3.78125
3.9473684210526314
3.212121212121212
3.9069767441860463
4.648648648648648
3.9076923076923076
5.5
2.6666666666666665
4.928571428571429
7.083333333333333
4.551724137931035
4.122448979591836
3.492063492063492
7.925925925925926
3.0434782608695654
2.638888888888889
3.8309859154929575
4.241379310344827
4.25
4.488888888888889
5.526315789473684
5.135135135135135
3.673469387755102
3.6231884057971016
7.333333333333333
3.1142857142857143
3.1153846153846154
5.627906976744186
5.5
4.325581395348837
4.47457627118644
2.857142857142857
3.4705882352941178
4.256410256410256
4.59375
2.869565217391304
3.875
4.428571428571429
5.318181818181818
5.28
4.25531914893617
2.4642857142857144
2.4782608695652173
7.230769230769231
3.6721311475409837
5.363636363636363
6.108108108108108
4.48
8.074074074074074
3.1914893617021276
3.9607843137254903
5.416666666666667
3.7209302325581395
4.051282051282051
4.615384615384615
4.461538461538462
3.9402985074626864
3.6338028169014085
3.7096774193548385
3.1940298507462686
4.131147540983607
3.8181818181818183
5.027027027027027
3.4794520547945207
4.1454545454545455
3.870967741935484
3.4242424242424243
4.0625
5.0588235294117645
4.133333333333334
5.625
6.214285714285714
4.258064516129032
3.4857142857142858
3.0
2.3013698630136985
2.6865671641791047
5.481481481481482
3.5454545454545454
3.3333333333333335
6.0
3.8
4.280701754385965
4.271186440677966
5.64
3.2542372881355934
3.967741935483871
4.888888888888889
3.849056603773585
4.583333333333333
3.6666666666666665
4.297872340425532
5.454545454545454
5.096774193548387
6.3
3.3529411764705883
5.655172413793103
6.142857142857143
3.92
4.742857142857143
2.8979591836734695
3.310344827586207
7.6
3.589041095890411
3.057142857142857
5.413793103448276
4.615384615384615
4.631578947368421
2.5454545454545454
4.530612244897959
5.027027027027027
3.606060606060606
3.6857142857142855
4.777777777777778
5.391304347826087
4.56
5.6
3.872340425531915
4.226415094339623
4.928571428571429
4.206896551724138
4.68
4.722222222222222
2.8979591836734695
2.8656716417910446
4.769230769230769
4.1
3.5
3.046153846153846
3.263157894736842
2.8823529411764706
4.866666666666666
5.846153846153846
3.2333333333333334
5.032258064516129
4.857142857142857
5.379310344827586
5.384615384615385
4.327272727272727
3.5185185185185186
4.6461538461538465
4.489795918367347
4.0
3.8360655737704916
3.7
4.25
6.416666666666667
3.888888888888889
2.6551724137931036
3.1343283582089554
6.666666666666667
5.55
6.0
7.5625
7.166666666666667
4.842105263157895
5.0
5.777777777777778
4.724137931034483
6.814814814814815
5.266666666666667
3.0833333333333335
4.166666666666667
6.780487804878049
4.918918918918919
4.7272727272727275
4.923076923076923
6.0
5.37037037037037
3.8095238095238093
6.0
4.583333333333333
6.827586206896552
5.314285714285714
4.947368421052632
5.777777777777778
4.48
3.791044776119403
6.303030303030303
5.0
4.571428571428571
3.3015873015873014
3.111111111111111
4.142857142857143
5.037037037037037
4.458333333333333
5.045454545454546
4.461538461538462
5.404255319148936
3.8545454545454545
5.534883720930233
4.230769230769231
7.151515151515151
5.625
4.837209302325581
3.8666666666666667
7.037037037037037
3.8550724637681157
3.6
9.071428571428571
3.606060606060606
3.9322033898305087
5.675675675675675
4.472222222222222
3.4603174603174605
6.304347826086956
3.6129032258064515
4.098360655737705
5.235294117647059
2.9714285714285715
3.0
6.6875
7.0285714285714285
5.454545454545454
3.671641791044776
5.384615384615385
5.023255813953488
4.229508196721311
4.604651162790698
5.25
3.5
5.777777777777778
4.7368421052631575
5.512195121951219
5.17948717948718
3.793103448275862
5.128205128205129
3.8518518518518516
3.4603174603174605
6.611111111111111
2.7419354838709675
3.6785714285714284
6.428571428571429
4.372881355932203
4.411764705882353
5.172413793103448
3.25
4.296296296296297
6.0
8.08
3.0153846153846153
5.897435897435898
4.0
6.529411764705882
3.75
4.382978723404255
2.6451612903225805
3.9215686274509802
5.5
7.2
4.222222222222222
5.945945945945946
3.0625
4.492307692307692
3.6875
5.48936170212766
5.351351351351352
3.8846153846153846
4.517241379310345
4.423076923076923
6.166666666666667
4.355555555555555
2.711864406779661
3.7916666666666665
5.333333333333333
3.6140350877192984
3.658536585365854
7.333333333333333
3.971014492753623
5.571428571428571
5.836734693877551
5.76
4.037735849056604
9.5
4.305555555555555
6.606060606060606
3.8208955223880596
3.4
3.7777777777777777
3.6
3.589041095890411
5.073170731707317
3.423076923076923
4.716981132075472
4.473684210526316
6.222222222222222
8.413793103448276
4.72
3.2
3.85
4.56
6.3
5.081967213114754
3.418181818181818
5.157894736842105
4.6875
3.066666666666667
6.177777777777778
5.111111111111111
6.4
6.684210526315789
7.696969696969697
5.230769230769231
7.384615384615385
4.851063829787234
4.625
4.246153846153846
3.072463768115942
4.277777777777778
5.276595744680851
5.3090909090909095
7.533333333333333
5.0476190476190474
5.428571428571429
7.615384615384615
6.580645161290323
7.354838709677419
3.3454545454545452
5.555555555555555
3.2333333333333334
3.4444444444444446
5.947368421052632
5.212121212121212
2.896551724137931
4.466666666666667
3.28125
4.8059701492537314
3.4857142857142858
3.3076923076923075
6.857142857142857
2.9855072463768115
6.3125
3.7222222222222223
2.769230769230769
6.444444444444445
3.2363636363636363
4.2631578947368425
3.142857142857143
3.8125
5.086956521739131
7.357142857142857
4.608695652173913
8.0
3.86046511627907
4.830188679245283
3.5161290322580645
3.0638297872340425
4.9523809523809526
5.75
4.545454545454546
3.111111111111111
2.9
3.142857142857143
3.6666666666666665
5.052631578947368
6.0
5.260869565217392
3.9714285714285715
4.636363636363637
4.262295081967213
4.775510204081633
3.408450704225352
5.0625
7.076923076923077
6.193548387096774
2.5833333333333335
3.4814814814814814
2.9696969696969697
6.75
3.5
3.3698630136986303
6.0
3.4166666666666665
3.0
3.8125
4.769230769230769
5.1020408163265305
3.888888888888889
4.780487804878049
4.733333333333333
4.169014084507042
5.714285714285714
3.7183098591549295
4.3076923076923075
6.0
6.5
3.7777777777777777
2.9315068493150687
4.408163265306122
4.1875
3.660377358490566
3.909090909090909
4.4375
6.529411764705882
3.295774647887324
2.8333333333333335
7.586206896551724
4.081632653061225
3.6363636363636362
2.4571428571428573
6.571428571428571
2.638888888888889
4.514285714285714
7.368421052631579
3.857142857142857
4.612903225806452
3.86046511627907
4.290322580645161
5.027027027027027
4.122448979591836
4.051282051282051
4.177777777777778
4.73469387755102
4.512820512820513
4.5
4.413793103448276
5.545454545454546
7.724137931034483
5.2105263157894735
4.129032258064516
5.444444444444445
4.571428571428571
5.083333333333333
3.1780821917808217
5.069767441860465
3.6296296296296298
3.574468085106383
6.916666666666667
3.192982456140351
3.1020408163265305
5.411764705882353
3.3114754098360657
4.8
3.1475409836065573
4.0
4.3283582089552235
4.333333333333333
5.0
7.2631578947368425
4.184615384615385
3.6164383561643834
4.033898305084746
6.827586206896552
5.180327868852459
5.285714285714286
3.1147540983606556
4.851063829787234
5.0
4.863636363636363
6.4375
4.523809523809524
4.072727272727272
3.2542372881355934
6.384615384615385
3.702127659574468
5.230769230769231
4.176470588235294
4.4
4.16
3.5142857142857142
4.086956521739131
3.863013698630137
4.4375
5.458333333333333
4.976744186046512
3.5522388059701493
5.428571428571429
2.4615384615384617
3.4603174603174605
6.511627906976744
4.923076923076923
6.413793103448276
4.983050847457627
5.55
5.833333333333333
4.82051282051282
4.303030303030303
4.368421052631579
6.25
3.5522388059701493
3.125
5.878787878787879
7.0
3.8550724637681157
4.212765957446808
3.8095238095238093
6.685714285714286
3.869565217391304
4.9523809523809526
5.4375
3.8545454545454545
3.857142857142857
5.2
4.823529411764706
4.6521739130434785
5.791666666666667
2.8679245283018866
5.0588235294117645
8.307692307692308
4.142857142857143
3.723076923076923
3.420289855072464
4.842105263157895
4.416666666666667
6.578947368421052
8.0
6.068965517241379
4.176470588235294
3.4583333333333335
3.9130434782608696
3.5555555555555554
6.3478260869565215
3.436619718309859
4.235294117647059
4.920634920634921
7.379310344827586
3.391304347826087
4.352941176470588
3.1666666666666665
3.7611940298507465
5.714285714285714
4.545454545454546
6.722222222222222
5.739130434782608
3.0793650793650795
3.8076923076923075
4.5
3.888888888888889
5.414634146341464
5.375
6.153846153846154
4.0
2.893617021276596
4.0
4.482758620689655
7.571428571428571
3.1
4.465116279069767
5.5
3.0434782608695654
6.133333333333334
6.45
6.833333333333333
4.829268292682927
3.121212121212121
3.737704918032787
4.285714285714286
5.866666666666666
3.2916666666666665
2.704225352112676
6.4
4.456140350877193
5.739130434782608
4.218181818181818
5.64
5.298245614035087
4.138888888888889
4.25531914893617
4.75
3.4761904761904763
4.16
6.681818181818182
5.314285714285714
4.75
4.533333333333333
3.5
3.2653061224489797
4.458333333333333
5.333333333333333
4.0
3.86046511627907
4.776119402985074
5.137931034482759
6.0
5.285714285714286
3.142857142857143
4.492307692307692
4.142857142857143
4.666666666666667
3.3846153846153846
4.078431372549019
5.64
4.844444444444444
4.563380281690141
5.333333333333333
6.592592592592593
4.862745098039215
5.8125
4.231884057971015
3.3125
3.3220338983050848
3.3548387096774195
2.9508196721311477
4.925373134328358
5.837837837837838
7.52
5.416666666666667
3.5384615384615383
6.4
9.416666666666666
3.6986301369863015
3.242424242424242
4.5
4.232558139534884
4.072727272727272
5.743589743589744
3.7560975609756095
5.513513513513513
4.417910447761194
2.7241379310344827
4.739130434782608
4.173913043478261
4.962962962962963
7.92
4.696969696969697
4.901960784313726
3.372549019607843
4.0
8.23076923076923
4.684210526315789
3.709090909090909
2.75
6.382978723404255
3.80327868852459
3.5319148936170213
4.150943396226415
2.898550724637681
3.7674418604651163
4.705882352941177
3.121212121212121
4.352941176470588
5.535714285714286
6.4375
4.2
3.8688524590163933
3.8181818181818183
3.769230769230769
10.24
5.5
5.72972972972973
5.411764705882353
3.6140350877192984
4.3
2.4242424242424243
5.588235294117647
4.043478260869565
5.576923076923077
4.896551724137931
3.6
3.857142857142857
9.185185185185185
3.317073170731707
4.512820512820513
3.935483870967742
3.890909090909091
4.580645161290323
7.333333333333333
5.2631578947368425
3.75
4.25
5.142857142857143
4.4324324324324325
5.0
3.3548387096774195
4.538461538461538
4.0
3.559322033898305
4.512820512820513
4.122448979591836
3.966666666666667
3.4
4.56140350877193
5.470588235294118
4.925925925925926
3.4722222222222223
3.6923076923076925
3.696969696969697
4.5964912280701755
4.15625
6.45
4.067796610169491
5.588235294117647
3.232876712328767
4.0
3.878787878787879
4.928571428571429
4.038461538461538
4.076923076923077
5.116279069767442
3.323529411764706
2.676470588235294
3.3125
5.923076923076923
4.084507042253521
4.5
2.6440677966101696
6.75
4.947368421052632
4.704225352112676
4.865671641791045
3.6986301369863015
4.82051282051282
5.076923076923077
4.317460317460317
7.583333333333333
5.555555555555555
3.611111111111111
4.127659574468085
5.76
4.291666666666667
3.6842105263157894
3.8461538461538463
6.583333333333333
3.4285714285714284
3.28125
3.267605633802817
3.0697674418604652
5.037037037037037
3.8076923076923075
5.127272727272727
3.7058823529411766
4.0625
2.918032786885246
3.1506849315068495
4.040816326530612
4.2105263157894735
3.161290322580645
2.484848484848485
5.044776119402985
6.923076923076923
5.257142857142857
4.764705882352941
3.586206896551724
3.6875
3.211267605633803
3.76271186440678
3.5849056603773586
4.0
4.827586206896552
3.7846153846153845
3.090909090909091
4.764705882352941
3.9452054794520546
5.115384615384615
5.660377358490566
4.7555555555555555
2.8627450980392157
4.9361702127659575
2.716417910447761
4.681818181818182
4.394366197183099
5.04
5.6
4.09375
4.964285714285714
4.653846153846154
3.0303030303030303
4.285714285714286
3.492063492063492
4.606060606060606
3.452054794520548
3.9166666666666665
4.260869565217392
3.5185185185185186
5.1875
2.926829268292683
4.5
4.862745098039215
6.666666666666667
5.863636363636363
6.903225806451613
3.7714285714285714
4.125
2.739130434782609
6.685714285714286
4.465116279069767
5.142857142857143
7.066666666666666
3.53125
6.648648648648648
3.263157894736842
3.8
3.857142857142857
8.153846153846153
3.169230769230769
7.214285714285714
5.675675675675675
4.666666666666667
3.6285714285714286
6.411764705882353
6.564102564102564
5.857142857142857
2.2739726027397262
3.933333333333333
3.074074074074074
2.3333333333333335
4.321428571428571
4.327868852459017
4.137931034482759
2.84375
4.341463414634147
6.6
3.1818181818181817
3.476923076923077
4.785714285714286
4.301369863013699
4.723404255319149
6.25
5.724137931034483
4.311111111111111
3.0434782608695654
3.257142857142857
5.75
4.8076923076923075
3.8076923076923075
4.452830188679245
6.25
3.5294117647058822
5.916666666666667
8.129032258064516
5.169811320754717
3.7454545454545456
4.318840579710145
4.615384615384615
4.52
7.2592592592592595
3.095890410958904
3.586206896551724
5.282051282051282
5.104477611940299
4.75
4.478260869565218
3.343283582089552
3.8867924528301887
2.789473684210526
3.6666666666666665
5.793103448275862
3.292307692307692
3.8297872340425534
4.608695652173913
3.25
5.6
3.3333333333333335
3.7941176470588234
3.7142857142857144
4.2745098039215685
6.048780487804878
5.773584905660377
4.35
5.541666666666667
4.0
3.627906976744186
5.5
3.3142857142857145
3.462686567164179
4.707692307692308
2.923076923076923
3.9452054794520546
2.774193548387097
2.5625
6.615384615384615
4.266666666666667
9.04
4.19672131147541
4.0
4.944444444444445
5.310344827586207
4.175438596491228
3.764705882352941
3.4074074074074074
2.3380281690140845
4.564102564102564
6.3076923076923075
4.864864864864865
6.228571428571429
5.153846153846154
4.653846153846154
3.1538461538461537
4.65625
5.428571428571429
3.6056338028169015
4.202898550724638
5.0
3.7142857142857144
3.6825396825396823
5.75
4.136986301369863
4.245614035087719
3.3333333333333335
3.3157894736842106
4.142857142857143
5.225806451612903
4.714285714285714
3.4857142857142858
6.195121951219512
4.0
5.678571428571429
3.235294117647059
3.9692307692307693
3.5272727272727273
2.4918032786885247
7.655172413793103
4.377358490566038
5.688888888888889
4.096774193548387
5.68
4.028169014084507
6.3125
3.4
4.72
7.03030303030303
3.2698412698412698
5.521739130434782
4.45
2.7666666666666666
4.896551724137931
5.269230769230769
5.7368421052631575
6.352941176470588
5.333333333333333
5.0588235294117645
4.75
4.7407407407407405
7.2
4.109090909090909
3.9642857142857144
5.724137931034483
4.197183098591549
3.066666666666667
4.769230769230769
4.977777777777778
3.5428571428571427
4.072727272727272
4.977777777777778
6.620689655172414
2.8450704225352115
5.583333333333333
4.380952380952381
2.3728813559322033
4.52
3.125
4.545454545454546
3.25
5.583333333333333
6.296296296296297
5.478260869565218
3.4915254237288136
4.626865671641791
4.451612903225806
6.814814814814815
3.607142857142857
4.647887323943662
3.8518518518518516
5.52
3.423076923076923
8.333333333333334
3.68
4.4
3.835616438356164
8.689655172413794
4.108108108108108
5.2
5.148936170212766
5.6571428571428575
2.608695652173913
3.276595744680851
4.5
9.416666666666666
3.7777777777777777
5.6
3.7049180327868854
4.027397260273973
4.588235294117647
3.462686567164179
5.282051282051282
2.739130434782609
3.2830188679245285
5.6
5.388888888888889
4.0
4.036363636363636
2.9295774647887325
4.625
5.066666666666666
5.310344827586207
3.6956521739130435
3.142857142857143
4.698412698412699
4.545454545454546
5.846153846153846
5.090909090909091
8.0625
4.417910447761194
5.133333333333334
5.076923076923077
3.1944444444444446
6.066666666666666
4.622222222222222
4.35
4.457142857142857
3.5774647887323945
5.636363636363637
4.470588235294118
3.509433962264151
3.7419354838709675
6.909090909090909
5.068965517241379
3.9069767441860463
5.653846153846154
4.2926829268292686
5.333333333333333
3.12
4.448275862068965
3.9047619047619047
6.066666666666666
3.8076923076923075
4.647887323943662
4.666666666666667
4.375
4.219178082191781
2.8813559322033897
3.566666666666667
4.027397260273973
6.2727272727272725
6.294117647058823
6.133333333333334
4.54054054054054
3.8974358974358974
3.1864406779661016
3.142857142857143
4.518518518518518
3.7454545454545456
3.951219512195122
3.8688524590163933
4.470588235294118
3.5
8.32258064516129
6.0
4.235294117647059
3.7083333333333335
3.8545454545454545
4.538461538461538
2.6666666666666665
4.476190476190476
3.283582089552239
3.9661016949152543
4.459016393442623
5.828571428571428
4.642857142857143
5.254901960784314
5.266666666666667
5.523809523809524
4.304347826086956
5.72972972972973
7.333333333333333
4.393939393939394
3.6065573770491803
2.774193548387097
3.3548387096774195
8.89655172413793
2.9523809523809526
3.0422535211267605
4.909090909090909
3.6417910447761193
4.206896551724138
3.0491803278688523
5.885714285714286
2.2388059701492535
4.780487804878049
5.84
4.857142857142857
3.0704225352112675
6.153846153846154
4.222222222222222
6.642857142857143
3.2413793103448274
3.971014492753623
3.4285714285714284
3.422222222222222
4.578947368421052
3.090909090909091
5.826086956521739
4.533333333333333
6.866666666666666
2.716417910447761
3.91044776119403
3.814814814814815
4.2592592592592595
5.476190476190476
5.542857142857143
3.945945945945946
6.0
4.8
6.15
4.6415094339622645
3.857142857142857
3.46875
4.072727272727272
4.105263157894737
4.30188679245283
3.8378378378378377
4.666666666666667
3.7037037037037037
3.966666666666667
4.695652173913044
6.461538461538462
5.541666666666667
3.9545454545454546
3.0847457627118646
3.814814814814815
3.48
6.482758620689655
4.6938775510204085
4.7555555555555555
6.1875
2.8484848484848486
6.933333333333334
4.615384615384615
2.5357142857142856
8.482758620689655
4.34375
4.489795918367347
4.0
4.576271186440678
5.277777777777778
4.703703703703703
3.1666666666666665
4.028169014084507
5.076923076923077
6.4375
4.518518518518518
4.03125
5.64
5.8125
3.8208955223880596
3.75
3.3142857142857145
4.416666666666667
4.595744680851064
4.169014084507042
3.5185185185185186
3.559322033898305
4.739130434782608
8.416666666666666
4.129032258064516
3.1724137931034484
5.5
4.769230769230769
3.3548387096774195
4.472727272727273
5.619047619047619
6.3076923076923075
3.257142857142857
4.081632653061225
4.666666666666667
6.0
3.933333333333333
5.448275862068965
7.388888888888889
3.4029850746268657
3.696969696969697
3.688888888888889
2.6956521739130435
4.777777777777778
4.027777777777778
4.238095238095238
4.809523809523809
4.634146341463414
6.578947368421052
6.75
3.875
3.6271186440677967
7.636363636363637
4.325581395348837
3.8550724637681157
5.925925925925926
4.46875
4.566037735849057
4.301369863013699
6.413793103448276
4.184615384615385
5.485714285714286
4.181818181818182
8.23076923076923
6.37037037037037
5.368421052631579
2.6792452830188678
3.8360655737704916
3.6666666666666665
6.074074074074074
4.842105263157895
5.181818181818182
4.526315789473684
5.428571428571429
3.735294117647059
6.162162162162162
2.8679245283018866
4.846153846153846
6.2631578947368425
5.5813953488372094
4.045454545454546
8.758620689655173
3.5774647887323945
3.264705882352941
3.8360655737704916
4.12
4.04
5.787234042553192
3.78125
4.490566037735849
3.1875
3.7419354838709675
3.823529411764706
4.844444444444444
4.115942028985507
5.111111111111111
5.2272727272727275
5.333333333333333
5.2063492063492065
5.724137931034483
2.6923076923076925
2.4150943396226414
3.2666666666666666
4.277777777777778
3.288135593220339
3.6721311475409837
3.7142857142857144
3.192982456140351
3.7096774193548385
4.610169491525424
4.150943396226415
2.955223880597015
3.96875
5.277777777777778
6.410256410256411
8.4
8.068965517241379
4.838709677419355
5.7560975609756095
3.2093023255813953
3.7241379310344827
5.733333333333333
4.0
4.194444444444445
3.652173913043478
3.211267605633803
4.333333333333333
3.4516129032258065
3.588235294117647
4.434782608695652
3.72972972972973
4.3076923076923075
6.2631578947368425
7.68
3.3191489361702127
3.53125
3.5
8.8
5.019607843137255
4.112676056338028
3.4545454545454546
4.7555555555555555
4.8108108108108105
6.72
7.135135135135135
4.222222222222222
2.923076923076923
4.711111111111111
2.7246376811594204
5.235294117647059
4.0
4.8307692307692305
4.826086956521739
4.777777777777778
6.4
6.051282051282051
5.448275862068965
4.597014925373134
4.193548387096774
3.3962264150943398
4.607142857142857
7.5
4.5
5.565217391304348
4.645161290322581
3.652173913043478
4.645161290322581
4.5588235294117645
4.6875
4.698412698412699
6.785714285714286
6.071428571428571
4.0
5.387755102040816
3.3461538461538463
3.8333333333333335
3.1272727272727274
5.555555555555555
3.2280701754385963
3.404255319148936
2.6470588235294117
