2024.6085011185683
1249.0149724192245
793.9393939393937
601.1494252873566
422.3529411764706
373.86489479512744
299.15514592933914
290.41101142550434
264.08825093035597
228.9081289081286
221.88306421883019
196.09621716051885
161.74633909187645
167.56253753944296
146.22302158273382
131.73772864850648
133.4452849876089
122.22345078382232
114.6549977715649
116.96549064970137
109.61678142886174
100.21071187561073
99.30426386628432
96.30239892278797
89.41506410256429
87.37462436092576
88.61456870824553
79.46062701741734
82.57737707965424
75.61970391672772
74.4499038666952
70.5418884182325
66.71916158415672
64.61503520327054
63.01752073378371
61.38955086323503
63.03335810614647
61.55377248494655
56.443765090381675
54.783545271350135
56.004844540237265
56.82778953079328
52.15045948038776
49.54888718728309
54.05867737883552
50.57045945112552
46.60192215758461
50.77791869847588
44.68755717445897
44.73585660679368
47.695903628899345
45.875522923247644
42.568248625845456
40.671905526398646
40.80366168402284
37.69272579037957
40.34108662057846
37.666503825281524
39.62957737963282
40.77395624061816
39.20792178465716
37.33134024848807
33.78928359038296
36.33568812140241
36.45958020958018
33.553395356032624
32.87025819083282
32.86306410948545
34.64977295265933
33.98114537958775
34.20743240168646
32.124760919839126
31.05169946652843
30.410431215343817
29.166015533695305
30.853780218571526
28.47491037322408
26.9618209779314
27.642136696716527
27.547204168052158
28.068145240839357
29.842078002198136
26.885161806554727
28.587315031801758
27.248137909487575
26.091325767615608
25.54353916295564
26.034321866040834
26.543518646210618
26.50497198616396
25.62912235376
25.5048946934791
24.002207124913145
25.632021492296783
24.632751009650384
24.301044126057658
23.359098672536508
23.84696687357735
22.774856232984273
22.116095278431676
24.221114594375123
23.069296678315062
20.070788047032718
21.817085873649855
21.491953360338048
22.420061322314677
22.65932400468831
22.25658654378136
21.98640021826014
20.2507225712838
20.289224563229226
18.330901155205055
19.916868730789673
19.60719817256645
18.374010424982725
20.097387203834025
19.932598586141804
18.447235488419675
18.260932539289538
19.14225059710306
18.16950619001991
18.169327409186277
17.348873864239426
18.607051608393757
18.01885426750034
18.122266631564635
18.742928765595327
16.862243938342232
16.63813930291231
18.552223631535686
17.26919654005734
17.345263350840593
18.10088238332045
16.86562427898586
17.617743300349193
16.959652898414678
16.901672157817433
16.767600575587828
16.195696984890265
16.42246125430817
15.176305026767361
15.861894920212912
17.305304901296527
15.911593228771753
15.506697794680088
14.488616260226603
15.517273136399325
13.872364053697199
15.181579894969742
15.288375179037025
15.21748761332056
15.248187573193627
14.935833734865826
13.552791236756239
14.783604775136038
14.509205634264246
14.96167796520601
14.357028426424787
14.316851468184499
14.689486378393187
15.40824878121077
15.083391283523854
14.66799751461628
12.881513347910158
13.965917686785904
13.69129298606132
12.267680064762928
13.103428865348457
13.57334847153853
13.335660405980887
13.18998307073942
12.920841053013664
12.772594451624558
13.01086700924432
12.566553322580177
11.603007466342483
12.638120102022468
12.767334070751648
12.468734730895944
11.541118771280182
12.946047621193319
12.839963224892092
12.74897653771423
11.41786347060756
11.014794333352642
12.352148595032883
11.776823521830147
11.335837785566577
12.14174254914522
12.66673905548955
12.065916776403133
11.58151668890334
11.478208174899384
12.728027194842916
11.542713949400872
11.728661737577704
11.884431085391924
11.40922763562364
11.920746181668925
11.431940560418761
11.216144020444144
10.699881268730332
10.724953082025669
11.589329577752826
11.176116522694876
10.518146435946461
10.818976723180517
11.73933231930165
11.362152029900704
11.737211232600881
10.825755039314231
10.847024284416909
10.769400588172177
10.760269850858506
11.142120852882336
11.257868155180686
9.871870948896232
11.254507681442995
10.839484813039197
9.90025416425568
10.040211109729789
9.720154922675123
10.161958826676953
10.305366338318827
10.082625418236123
10.022950267748177
9.978925787494878
9.803108740455187
9.392831306540733
9.791328405810619
9.323920195631894
9.883409806923297
9.468195436138787
9.732505657283877
10.398589930565686
9.706467275612784
10.351305403950654
9.994982650038505
10.103286763082522
9.059179888209018
9.381294337442972
9.326684631745565
9.021630848404035
9.525420668538654
9.620331432972842
9.711215343974587
9.829114389465085
8.44661131138109
8.967768977570165
9.269123423480767
9.688015445221911
8.78192254111502
8.789081585333028
8.947645242143746
8.69018359185178
9.420031205037345
8.620406960868822
9.050473043617105
8.955842862927527
9.233487774058041
8.453688760147115
8.332922959339303
8.856008492905138
8.758160659743346
8.774755104906289
7.700910801470899
8.942297310510982
8.142832521108216
8.096740642313106
8.595081035032202
8.416910380944474
7.949487129720111
8.028883138741179
8.547579815684468
8.287885180588928
8.045091682131225
8.518770823736956
8.281221141100932
8.6051717930693
7.647185304305779
7.458320031770014
8.06494679095701
7.848710511647008
8.006883701413303
7.956463067304837
8.084427339883048
8.64202560086706
8.031604730434912
8.279125139362666
7.693636274554014
7.353304343793703
7.991966933029065
7.780509325845314
7.806428474816911
7.926775422380585
7.342966088419224
8.14404290519569
8.102100712433298
7.36272374803423
7.3420799140797754
7.365738941217658
7.763989393001113
7.90732467204249
7.533734006335429
7.486708361629597
7.249855068945956
7.300109902271581
7.036475747142708
7.369033485727517
6.837329566728374
7.387661177496763
7.027818891537904
7.159280608734198
7.149977846554816
7.146947381414032
6.934980775974266
7.0921776562674115
7.31924639468469
7.201897231092433
7.400065110414943
7.285406395233996
6.969177309122727
7.409764787506304
7.096471244760518
6.962867927429033
7.181536690807787
7.358445924987885
6.950644187500427
6.765201535341041
6.458885776431941
6.900684581498468
6.464217009414813
6.560608699309052
7.159072884338773
6.381571307582819
7.092097544509081
6.653497437970674
6.374830817870248
6.648445433029621
6.246875340340849
6.606461863553661
6.659697434028058
6.596707187469805
6.240243155630817
6.824355974276469
6.966941149812454
6.000251267158987
6.434672229149482
6.153826235227904
6.575239839768175
6.138104241148739
6.95852984979314
6.430811966033168
5.984435668211607
6.470300343579341
6.043011391400471
6.012125226070248
6.669507837940664
6.6084386902129655
6.314694847105362
6.181949417145578
6.668772486669517
5.83040058757711
6.2759353222250045
6.295854838410419
5.924372772918025
6.191849048871714
5.801175153005627
6.069225749043843
5.9952478236064275
6.049606073061083
6.319483222164836
5.765903550690918
5.8532569990068835
6.046701905422362
5.8771867889163145
6.551214215566102
6.3785561078588415
5.924825207229642
5.610988662916264
5.782483258773264
6.001062623677479
5.9674758460710144
5.964640361215874
6.302958408595029
6.0113162962051225
5.526573359928361
6.075401254625658
5.790406968155886
5.592682288659218
5.904835482383891
5.860995514685628
5.481290467949159
5.454736420235238
5.7542659638600915
5.62035807698477
5.423974540457219
5.690096198984265
5.993082669934528
5.322808022169081
6.010272941080252
5.348670643853888
5.591738144557079
6.094893657892198
5.31359777671801
5.563783086133025
6.010116110342814
5.464776986079257
5.497705690318501
5.406633147225284
5.546917652725451
5.21701153854422
5.8270178382351965
5.33528192024374
5.292013086398726
5.580104358438372
5.713024701348951
5.724280372990794
5.209011321995578
5.558128602430224
5.634177422559188
5.226898382674211
5.395040122400613
5.357747445076846
5.579985410780983
5.790762365939258
5.5932594892679734
5.518387576295393
5.174134288436953
5.440856486502589
5.1933120442670955
5.164756570434847
5.046161374922411
5.306521275155914
5.147062051335733
5.333221119219283
5.092144955672948
5.520310839985822
5.0200070654403355
4.87697605303589
5.143151322342427
4.937875480110433
5.153696164920566
5.281953518365655
5.03541907856342
5.113506528733615
5.037145126521829
5.128506533661164
5.12595457065553
4.7235844964711164
4.7165262918541835
4.938959776014793
4.854898948907843
5.081305933539209
4.597266001362821
5.1178584102959706
4.90941330807319
5.205379915053763
4.558096592780341
4.628539434832009
5.180656901010487
4.898924422638018
4.818356007999934
4.9676489252860385
5.060679687764
4.881647392540147
4.809942735209547
4.842190232241057
5.0533032449605475
4.915143908802129
4.869481399727279
4.493544620054441
4.605548424280253
4.880168410360931
5.06822992231413
4.715874489782901
4.557476402330833
4.851810429541855
4.831995151202047
5.029998727020636
4.5371401148556805
4.48714263700839
4.87860230553085
4.682865172939232
4.800026045960785
5.033820896437805
4.373183515007898
4.789446966087131
4.5970110795031545
4.59918030136905
4.766277591415795
4.236687270396535
4.663348440770216
4.484182132987904
4.42683685794565
4.3979635156011145
4.47837568602363
4.738322867441189
4.514948417926874
4.390201096767266
4.951985613292486
4.492280374919625
4.658211010354765
4.448260699953308
4.2696671655882845
4.236330287689602
4.379593847839654
4.831384908340309
4.635775969248902
4.380334340934146
4.2867100159218285
4.56603395943769
4.554016588975076
4.524198139836362
4.4434841455802525
4.134661905518845
4.163781639856843
4.298006970159558
4.646228497764851
4.12871627316411
4.632966828426945
4.078329308100782
4.36902004915343
4.564375723616857
4.261445884783069
4.216662539550925
4.364816549838143
4.366608127464887
4.475145517785604
4.528032573703407
4.199493343229927
4.129968406432731
4.433408267327342
4.232690988647209
4.291155973999751
4.48876636694344
4.070710425754253
3.952499699643792
3.9569857944791544
4.579391733136522
4.443373950245029
4.28570815616094
4.438059982200321
3.901873279551109
4.357127749801304
4.114465159225552
4.279086358890159
4.085406289644488
4.0727579191484535
4.157732606948699
4.122234482633477
4.239552149420887
4.1987773157889325
4.052134268395701
4.145832187985757
4.125151245785337
4.12243718192288
4.044208061823855
4.298071034937546
4.36688003812213
4.217216842269354
4.242276690585677
3.702941920512339
3.8519066105320956
3.939381540057646
3.9300041092884297
3.894718371161778
3.6726360539960194
3.855966866133069
3.951455451867779
4.066195954849288
3.8724057112202592
4.132944934832364
4.053236797451587
4.23773038954777
3.8928346661577193
3.925654763844376
3.8865364700888128
3.8212383486417343
3.867891113159426
4.073303509658533
3.946249763934526
3.5707383459339908
3.766937705000164
3.7855294199733853
3.7713614947470466
3.878053828099583
4.001915427639257
3.7835530142978175
3.947664297851188
3.966018246659932
3.6475569502691205
4.116803428618733
3.977747945891701
4.005208406963395
3.6438096683522905
3.7852845576983296
3.7884663321858736
3.7985499944953007
3.556721850682393
3.790499389618078
3.7444212202886233
3.7022226053219867
3.8109553403791554
3.720505443840626
3.7747602430602227
3.6268378570539017
3.7679198629334647
3.535176729824685
3.7704931249787728
4.05372047088546
3.6028755356602464
3.4637153445838034
3.587764903767101
3.506069172205278
3.414341333857484
3.5082686571508863
3.5594905496882636
3.8801993300521262
3.761199481913573
3.7131231672623013
3.70996962589535
3.7229426148296665
3.8137272061162824
3.8121477871940286
3.4414268323153654
3.44551317295092
3.5615569254805517
3.6427650153170124
3.7357205750578073
3.6706361263384815
3.6646335536522923
3.6250293720145534
3.5548307967060575
3.6099249082025615
3.4716834832129333
3.446525806713172
3.4962657649357882
3.390403162052196
3.5008578566529
3.7827862542795487
3.5142401796815665
3.403221651922897
3.4834487361657662
3.611253506824566
3.284004154522112
3.6014391708532454
3.6576940895220003
3.3800797476987237
3.526779590052429
3.6161021822484023
3.4419341510228203
3.3295738757548237
3.7017670404874967
3.478050995171202
3.6941817187964054
3.555138410073478
3.557748911802332
3.5039734143183137
3.2483367744091414
3.4462120007680177
3.536742476101064
3.599515210923345
3.54975315329781
3.3766158772585655
3.44046928958391
3.198341308747182
3.2763062181082123
3.5184615114088524
3.193831704456607
3.419479177968089
3.0775479000476884
3.460146045799324
3.0352420037313683
3.3396086224453203
3.2103001837684504
3.5710791923542
3.420224964529285
3.576592945589875
3.2590407662513554
3.298014432103991
3.5445410200862426
3.3776794940882398
3.1063923371084985
3.2582580436084823
3.4893933090654317
3.185744589855568
3.2914285655404036
3.346119082704888
2.992941880434521
3.456212385689828
3.497568682960342
3.489412422904466
3.2891320756739773
3.2824470466362485
3.1302240508234465
3.2627435077261024
3.281111075343361
3.205800821995116
3.104893547167624
3.1881640488392766
3.137655409815723
3.225768073981275
3.2864620448607
3.324010857426023
3.04421049593533
3.271314813184009
3.4216798255408265
3.177787601806952
3.2269788868807683
3.2448541115586145
3.3101084556165867
3.3044752356829603
3.108811164141871
3.428507008424631
3.0399320157130307
3.1312117078124233
3.2032534813408153
3.131864948452665
3.082865076697426
3.0115440050760003
3.066724137346366
3.1760295731038872
3.0984789601362963
2.894426037842416
3.056855982792361
3.2636515212675845
2.9543671703336254
3.2096217718779307
3.0528003303484184
3.0721523225278333
3.0823728293179053
2.8818320893159703
2.896539823458785
3.296392293665991
3.0051317296219606
3.0655290560117545
3.271086532800229
3.080092906570979
3.0114444401176095
3.027293687422196
3.0891172946468495
3.0501733500835835
3.003319190122593
3.004951721521593
2.9652391831519536
3.11855896696032
3.185306805795531
2.9340919163407246
2.8237563891219684
2.9086174791355863
3.1263604778655822
2.9779723761563135
2.783425014544529
3.042377074760009
2.9455590788325217
3.0345958036766225
2.750042169176338
2.984983860828403
2.6867950642466947
2.8020109273140914
3.072491599509626
3.1028495755678724
3.0489687441092643
2.8967315459390517
2.8911934453670263
3.0370595645438527
2.6996990352993935
2.8920924572006244
2.945447809485284
2.868680589647596
2.9135331592609788
2.7900417286019095
3.1547166971278005
2.8599706382167462
2.881524935299982
2.8978330386551963
2.6980263800205586
2.92791665451878
2.8360593544287407
2.8570585203688
2.8567702866635134
3.009032702199323
2.7029018556020965
2.9151491010033515
2.692159717403982
2.90969402963572
2.7760852947206156
3.0216721218826232
2.9228259203346187
2.781375671416029
2.8382022796646305
2.622574958900903
2.6374446079646816
2.836131189293802
2.8820620640258885
2.6303126782523583
2.982802511343465
2.8451044446864495
2.807432513460227
3.016592061910851
2.851492642925385
2.920044815882086
2.654487117742611
2.907064947693306
2.7438169134858827
2.7810323808502786
2.719906412807375
2.9148613525924
2.730055918660097
2.673107161204252
2.9318596715270266
2.85923364936738
2.713168889221829
2.808419702140382
2.940145293489927
2.690427004978113
2.66577843852825
2.5298372370800863
2.7669978142379676
2.7975012377050414
2.61847710564403
2.8518943547833144
2.8890336810810355
2.666520098846909
2.5421760095082946
2.562351955596171
2.7392318637229556
2.782173315451536
2.823678208186396
2.804074261226482
2.90907364339154
2.802782267886934
2.6333673218163085
2.689113213912722
2.6362246254405144
2.695970836845287
2.5568284123080827
2.651267960903288
2.8271229654460925
2.554304848136278
2.4718932839818177
2.5211883265778656
2.855225930315332
2.55802563344343
2.679625709488887
2.42535696480057
2.5800317944412887
2.591059572038695
2.483568039314382
2.54429739587901
2.8076019415679507
2.8539028463292673
2.537235082269766
2.8411480779129135
2.563774088336292
2.633215233109929
2.7255896020266634
2.600790191097073
2.679530982390461
2.613764269362367
2.6538578972299187
2.4743535610173812
2.6345170346519002
2.644045760408861
2.423262185076453
2.3896298283339137
2.6707048007895455
2.7114092508377015
2.5348799085447236
2.660707358962047
2.8669603377514314
2.7723513608450823
2.589519858622689
2.5876164047344146
2.5502812928996685
2.6486702130916675
2.5783626100379093
2.542494476743511
2.625710056231777
2.609954420795339
2.7105780240978326
2.404250303814941
2.5756832495609836
2.679358011436241
2.616087050470885
2.6936010673018127
2.43289548176344
2.4780117908987545
2.6269805550611496
2.581804649982532
2.378603882439212
2.535297028183664
2.5941504790226
2.6662726417811147
2.5420592831632405
2.5474674529641694
2.436322798640829
2.371910625417912
2.3928829415446042
2.6586196639141666
2.339333227143683
2.5282662929677993
2.4827931238666014
2.4567842113487717
2.528671664390554
2.659021806895441
2.4488894909508434
2.607969612707268
2.513030207979727
2.5595911282128943
2.5521643043215905
2.381019629798831
2.430132051014635
2.595320158937499
2.386335538491687
2.57263938642988
2.59750502405308
2.351459982989522
2.586369436469545
2.481705329475265
2.573145036757957
2.5103127995184846
2.5585485658281977
2.505476121975589
2.4369187897861533
2.2500259014632147
2.212176960043837
2.4935032570731415
2.5317171920006634
2.4960051978619906
2.459873719724758
2.5102914448778697
2.3559528601728372
2.5506247121987555
2.3128651892246213
2.443043874131612
2.3832035108847434
2.386976832860454
2.442237331044325
2.4191303602751946
2.467039736409628
2.391802602342279
2.385228755153938
2.3686956003992314
2.3953312195338716
2.4265855950282753
2.3041871594589844
2.2939707368737414
2.3517958360422972
2.5014870952167763
2.392817205012878
2.317351704836807
2.4644633029326637
2.3653262078580455
2.364340704648884
2.3918653161869083
2.434927915400646
2.2545315174233416
2.540121363158541
2.3726043426672017
2.43733683414594
2.1867074759334133
2.3490476950097796
2.1691407968643266
2.466699792555297
2.5220511151178844
2.43399603067526
2.3945392527830873
2.2287914016973933
2.300491656731704
2.4254812988192946
2.354325869633584
2.440125268388637
2.2043308292340513
2.3964315324764867
2.4149922018205805
2.2355791054892546
2.3770845206529954
2.1514435818887687
2.2535085475852927
2.2720652375409616
2.3469027990864375
2.2228818530765526
2.2615755450218313
2.349666135910969
2.3087877223557163
2.491081816602758
2.4657504851631318
2.362423237501318
2.3730696869224723
2.3683632791052416
2.3664032059928966
2.4109774922121936
2.131210755677301
2.33004213116922
2.160290873183656
2.2245132285776146
2.220210931709763
2.2989365626728264
2.1868158596404257
2.3363598412617326
2.2688906488945286
2.4331298059071145
2.307087224288459
2.2349735841617813
2.225110038452861
2.1016002014112036
2.3673480243273746
2.443138744545722
2.2221428011972035
2.2974163759962347
2.2046633739030757
2.338798462116886
2.191171175099462
2.342670488991294
2.307234191682698
2.3829585773691577
2.4177316046919155
2.2876369374372953
2.369429801793793
2.1149905525098145
2.4294226521215982
2.1533745672476363
2.1691984975299072
2.2109883766449485
2.1632191509829
2.3318245129184305
2.337838254848709
2.2617386943733457
2.3400199205039707
2.2669613581526415
2.155290712991255
2.3325072522265
2.245963748966305
2.2201758496082906
2.034612227096531
2.198757939612297
2.0903524349641898
2.3288811362766975
2.003568073784686
2.099739784244993
2.0874723563485
2.213161305753398
2.2615165720899193
2.0313152822375855
2.0200512310335488
2.2219243057869607
2.1390075854969464
2.103355284182013
2.1880988072252947
2.0727700477335333
2.17143750128451
2.065526972563311
2.1083287780808786
2.0562515803562857
2.0621318763551013
2.269322978581285
2.2591375242342338
2.2135429976116
2.1693081687313613
2.1600646570802353
2.0895983735849506
2.0310492043833657
2.042900018139126
2.195489906486266
2.2457939357643397
2.0500296097390236
1.9565170765460917
1.9597426340161408
2.0871411037813754
2.096662987324027
2.1716532711849377
2.176075122302451
2.1076912755590627
2.271318443875019
2.1980063559471947
2.140977606958125
2.041881125387025
2.0538537818843157
2.1931431350672757
2.1384969147713333
1.9734663633893728
1.9075697440845811
2.082901987680731
1.913415327609477
2.090576991217866
2.0012899253383742
2.0862902039429954
1.9801420239762901
2.152284921389245
2.0451454535994977
1.9885018968009405
2.14367558981565
2.052067334342119
1.9686857727541809
2.1545653206170527
2.11431865329374
2.1657027129697557
2.039009176718649
2.090817315218038
2.023314828703073
2.130762196392599
2.0654961153786733
2.0588251887730618
1.9244863898702476
2.0807769139130987
1.9892836134031462
2.029865474840377
2.004625479586391
2.100206460494554
2.0768612545474707
1.8920303596745096
1.9537964506717704
2.1928463118599906
1.9664517478805645
1.9069056266425153
1.9166023458632053
2.0188294573101198
1.9859228823527024
2.1613737430450835
2.1059953604042745
2.073539100754324
1.9881518998565575
2.0860614158655313
2.0979341211089975
1.9983075197816398
1.8322698922199905
2.0139824867205474
1.9590759904122186
2.1244936663939296
1.942933606577819
1.9748867149126175
2.0888190244523597
2.138552457896936
1.9507513466963662
2.015948692067416
2.054466185334819
1.930187527594528
2.0019227547938563
1.9294754427119714
1.983496618021907
2.0497641989048265
1.863387625981901
1.918962271266312
1.9242738733500981
1.8725824586179114
1.9207244796978862
1.9103504492260694
2.0484515934957117
2.0122279716050295
1.8892054419214208
1.934256355173201
2.088518662741687
1.955269835888971
2.0196849184237555
2.123747730802952
2.051889423268057
1.7835291488005907
2.0008593346294945
2.093756279617442
2.077191740521343
1.8516424467691106
1.9862781114307317
1.8136362889336524
2.0791206956796833
1.9381624560652857
2.0418909018559908
1.913226899615053
1.7860333260485377
2.0166504719831946
1.8650681887548481
1.8387078884354313
1.9655718412673193
1.969092764753392
1.919840657027831
1.954817281957389
1.878469740156324
1.8426528269010707
2.0275355641598694
1.9391216377949538
1.9539147909666545
1.9226820111399163
1.9197677062675107
1.8757996271721158
1.7995040318011892
1.952461524667123
1.9408452208274787
1.9275125369921695
1.9800897182481996
2.038866094805567
1.8491416885054421
1.9981984677604738
1.8152680419654286
1.8048115723889404
1.9743757168459566
2.0009980040618474
1.7564424064885875
1.7980370201302718
1.996101649962921
1.8778697300169733
1.8524272338695567
1.8358114370867848
1.9554284313355432
1.9134565662157752
1.8452801728808155
1.8235747587911963
1.9485626138008962
1.881997135346599
1.8078851445382425
1.959283567323717
1.8143766929197223
1.9895981450616538
1.8207576943865327
1.7265157153012094
2.00392937794389
1.955435081195519
1.7748380468966276
1.9216322639543562
1.771336003648662
1.9212390349042041
1.8391935477581145
1.924400532734465
1.8830709326911048
1.8248476180927549
1.8020565214010704
1.7436754521749134
1.79920185651693
1.9352399255987944
1.8507968024269787
1.8828555477122713
1.8813503784826224
1.9592272003452378
1.8502261203435058
1.8951599192854598
1.747361344360204
1.6814875119497512
1.8623345103808078
1.85511534369861
1.9433582515141756
1.9398221039978856
1.8838611234997036
1.7517758867309439
1.7016511319083505
1.8137303567650507
1.7932091096038183
1.9030830715568325
1.7615990447293426
1.8875562632690048
1.637998694152893
1.6721262800844154
1.7985329927683542
1.8885351356812723
1.8197359271404727
1.8034744102599316
1.8336489944545429
1.7183235591752566
1.7817415274704154
1.820973487357162
1.8339523626370775
1.7552690748814788
1.8191271302424927
1.8268429080264963
1.7729437832136428
1.8272403765345644
1.6699688546513334
1.7164862206330873
1.7972638428752188
1.8440000637867726
1.9030322999647964
1.7636150966709794
1.899303320089103
1.9198326679130617
1.9259728787278982
1.797277690290779
1.767562772000749
1.7706470087436457
1.74707272926947
1.7996399186841228
1.8699845671948054
1.770158323237634
1.7659224552090071
1.7154707359216073
1.727812309751068
1.7936297814436322
1.764378026586812
1.825118701544772
1.770580764289086
1.7378023542167482
1.8823503127769505
1.8838476968111002
1.8646488666575
1.6754527799815429
1.8006627871655754
1.7993342715937548
1.7503682483872574
1.8081736156865043
1.582955898352319
1.866033545177742
1.858245266226208
1.789854497211537
1.7412204422110351
1.7823076137730156
1.7575801737446795
1.8211318397563032
1.7718626162975613
1.6966381128588115
1.6951252520232374
1.6569767605977102
1.5786652550771791
1.7900490301163512
1.765322389501824
1.84551366068751
1.6710105047591313
1.7226704001170319
1.658191504898542
1.8300349132449956
1.7577001790942828
1.7740448549243646
1.5851043297971341
1.6661142357742234
1.7232033047681072
1.700265331809788
1.8009884535017575
1.5918565583815392
1.790021889390033
1.7266733329558661
1.6535371125925882
1.7442643152686
1.668804773122402
1.7238560281451774
1.8114756720270184
1.8469158592939068
1.6666026061288481
1.6745268123968406
1.6594184243277876
1.734708443111399
1.6120543934354117
1.6893157698935524
1.6939425384273776
1.8191565099235785
1.538963446392149
1.7177844127586275
1.6511138367860698
1.5553307733447448
1.640729971039459
1.7014570806281788
1.6173160933070114
1.7141642034401072
1.7450829767571827
1.686639897337096
1.7401548493012657
1.6458650388223983
1.6137900089970023
1.7219431992267888
1.6823444497700553
1.7129205138652677
1.84271621252943
1.538381576258969
1.665040467289356
1.6436708846438723
1.6244983909673756
1.621285191118741
1.712937683392221
1.7356752627845982
1.7542904878733547
1.5661393499982272
1.7006873770038837
1.6436437493428018
1.6097709643678828
1.6863817025524728
1.585862410843905
1.6207652184292611
1.6354777152959543
1.7609229003295495
1.5358366951445221
1.698051163787981
1.5281315605086079
1.7551331481853718
1.5048780423503885
1.628008169281709
1.5525042639759223
1.7472531472557387
1.6015558874171707
1.6419276751884133
1.554196652867619
1.572134145535886
1.6582861529483062
1.6255362280960635
1.6797423037869592
1.6441077388651752
1.7303325954171442
1.4686849743618808
1.6654291175194185
1.5823488759074378
1.6885528584107856
1.6892762001861503
1.7000998175579014
1.6565392730401423
1.545208074687356
1.5648702968219328
1.636677352510057
1.7247811767593768
1.628019849142357
1.51778534366042
1.5634186451274656
1.6340687493317352
1.540837179403859
1.5172417450761067
1.48462242541144
1.6400053018265024
1.6525664046050392
1.5811297294446887
1.5564838277744566
1.5961993762691518
1.7194842153055268
1.7609303753594667
1.5755322112809271
1.6104368806662004
1.7086943509495296
1.7150327477452352
1.5386523252810738
1.686615523620099
1.6397008584845418
1.5411617944
1.5600834374457708
1.5844707212992168
1.5760436171165209
1.5362742571843908
1.5579489547957903
1.5446587124326263
1.5686010743029657
1.511359978697873
1.482272916295408
1.519835008467788
1.5829377497191153
1.6439815292117799
1.6216138501862858
1.6347329069212997
1.5185314411213424
1.4719323441392913
1.5528906899551513
1.5687371114774593
1.5425079728929838
1.4376960926756994
1.5761789812267837
1.6259500342240358
1.538146547555804
1.5934401100361373
1.528172823919971
1.6135699440019904
1.5119715131719635
1.4351031798479643
1.6032733050226577
1.4524832671179682
1.6420644457218945
1.4834282990209327
1.508612389785421
1.5700914852606351
1.443215057332143
1.6716911748117693
1.6445688883327296
1.672578788702212
1.4226536477581149
1.5761175026114191
1.477677715653829
1.458620754241958
1.5778265638706817
1.6075992088659437
1.6368620477833906
1.5579549814438056
1.6732044064987408
1.503934450341148
1.5459147514679452
1.4777342205146082
1.4399281255273637
1.5170293675489244
1.5234802121820674
1.5673021297162508
1.4997833378183296
1.4446343968723347
1.4788070346705795
1.475481076463954
1.4876335441378068
1.4709166873107802
1.6092202382745509
1.515808686602956
1.6563020588368507
1.595394816432216
1.4170489570456564
1.4839049276602656
1.4962983857469023
1.5524579700896821
1.5633822234723165
1.507716333971859
1.4716143841660143
1.5921964033983302
1.5806188597309327
1.410612124530549
1.4608757843494122
1.5628950106631847
1.4684043841428127
1.5230824911080885
1.5588617637743891
1.5622506677466537
1.4357422649025584
1.5842689480671677
1.5433405059563805
1.6025452222227405
1.3591123848179096
1.3623627758346049
1.540839263785732
1.357761192932552
1.4148865723476698
1.5033510081060617
1.569280165462429
1.41663863442335
1.4612371264100454
1.4848948686600627
1.449588883933551
1.4234292233865342
1.5145485272227324
1.5364861403537897
1.5251233219750413
1.4931078625493097
1.5916886194556177
1.4109701861633526
1.4999809738039027
1.4243992006803372
1.4375789276620579
1.5664356091735485
1.4045133919869288
1.5841699491825254
1.4509331453389032
1.416797787452285
1.4467961775749663
1.5326124218241848
1.5630722471525222
1.5104470826438643
1.492766011226869
1.550327573786572
1.5241826222573747
1.4663630958027927
1.4362899377757221
1.4147860640922347
1.435843745331042
1.580757094810391
1.4639370366606081
1.4666003363045166
1.5084931561051207
1.3557690234643365
1.4178701608309132
1.347032980679448
1.4861426745074857
1.4226409026138018
1.372897222820146
1.38799879451617
1.508163874610191
1.414746361137701
1.4119399433712245
1.3567897234347617
1.489038984895611
1.430343403947129
1.550355691540363
1.5081342242633717
1.5519192282068273
1.434697087624331
1.4659628211905307
1.417057121431916
1.4021524915272752
1.4588546652817602
1.4123056501203255
1.499282044540363
1.4122031750877506
1.3947899855667294
1.3926826584208836
1.3267521992223472
1.4391883685974045
1.360312756622601
1.5419401120514216
1.5225950725338644
1.4412385424993512
1.4088258974028443
1.3152541628900278
1.4218891314342392
1.4513482246061216
1.4841979289280365
1.3014397257499821
1.402932496605202
1.3994141296623133
1.4213471925473729
1.4353576976652256
1.5222047135354653
1.5495646878825708
1.3434895715698616
1.4407543883274376
1.4226218035537235
1.501289863774852
1.3946853891330169
1.4100580095425255
1.3766963937488426
1.5004499741236432
1.337358068358478
1.4121597236526293
1.522305805706739
1.2863967935418286
1.3381287670374853
1.39736322760305
1.420551301037524
1.3641572799628037
1.4248831798102566
1.470122619289726
1.3743984923757877
1.4969272964227425
1.4381034596229438
1.3675396163322466
1.3201415918557884
1.3522917335288323
1.3653198876824348
1.4157586919727767
1.4919788077581218
1.4881446264004505
1.370781433553911
1.4034390880588827
1.3940542903515283
1.4228074471385255
1.4251663707082223
1.367093654142938
1.3983408513202131
1.475309438031518
1.3337386940335283
1.3801467744178317
1.2595700328827109
1.4731919609405881
1.4107476660582383
1.4647289800022028
1.3235967112026954
1.4763352262276057
1.4439887633112078
1.4279827063475843
1.4039400021676125
1.420549503795599
1.3253277925611224
1.4726598463300227
1.3822799806872967
1.312661100771708
1.2893707032373156
1.413833166303835
1.3406620325494412
1.3427148261524964
1.455248221722894
1.3629791399689886
1.348769982660431
1.3327069279472603
1.408578837524574
1.3004479425561022
1.2809838946839152
1.3348900729394013
1.3534296339663887
1.2608574033565396
1.4071941721049062
1.4684320668064406
1.3396394207747722
1.4164596844337605
1.3302618567358784
1.4318996596490703
1.352117861859893
1.355746750691883
1.438565859509066
1.3699269294051506
1.4082528072674436
1.3443844283532385
1.34766169897975
1.3654832715382856
1.2499063591117536
1.3604528065083146
1.4585674325383597
1.330792180083833
1.3274328849734793
1.4092866441816803
1.384342164743384
1.3332386915792633
1.2425014737163071
1.382467632530572
1.32245784686648
1.3573312412802045
1.3548296291906896
1.4426776319112469
1.34395118904227
1.3543892200267629
1.2814759540979253
1.2956868065174232
1.3129426723168462
1.267554670512418
1.3618295264908784
1.3256951432485795
1.3781727682283111
1.3046806309597512
1.335243413584074
1.3056654418361648
1.4301479208540044
1.3147147655293812
1.243171351873705
1.3079538598364575
1.3127658449444113
1.4212640188020091
1.2848352277438382
1.434828973913953
1.412082497914879
1.4024398531943616
1.3552711414971497
1.3217007518543697
1.3262771541349514
1.3496654149772997
1.2458233476452245
1.321157556124864
1.3966878038061263
1.376567419544654
1.2998719552863804
1.3630302600090773
1.3476772788833147
1.2414790144271557
1.4222690235402669
1.3717026357292703
1.3717511715356434
1.3035204568155636
1.2998286395
1.3574249051380645
1.2524855898593001
1.350993139871183
1.2944652944852038
1.2544342327688727
1.3391514022291415
1.3241136222819807
1.3440029709868664
1.3173721256874438
1.3876560076932076
1.2539956852610135
1.2587714022560792
1.305791756623356
1.3592779798615386
1.380264621560167
1.3763652323088544
1.3645702831918558
1.25614351291363
1.1782750972146252
1.2345888681193444
1.3283208029050795
1.1947697755089528
1.3525677524312476
1.2806655567273229
1.2899212993646902
1.300593669377544
1.325177269942791
1.3690698810035564
1.2272254297902663
1.357236632189346
1.1875781973955934
1.3089118357501395
1.1727777553870389
1.2553809912469607
1.2732848458459112
1.2334022829781037
1.2701586450362048
1.3695578849158547
1.275663505942149
1.2593893728482686
1.2692380544018733
1.3446968197511777
1.3411145842746313
1.2118621216916887
1.3739266575543083
1.2787735458845633
1.3273530693680986
1.2122850046156874
1.164266839013011
1.3485459218938198
1.2870526346041622
1.252765320041752
1.2321237162875593
1.2915583752528212
1.2379283084646684
1.2991171640989398
1.2738931851826274
1.1761110585312504
1.1761951542796931
1.2563241504277418
1.3380258146755932
1.233335781489877
1.3060578367612785
1.259681988212671
1.2591604365582043
1.1754638974709437
1.3323242150836683
1.2205537361759
1.1605036969799558
1.1930414310374757
1.2582692457817517
1.259923969809143
1.2916702537675147
1.2505687149766824
1.2553683226228738
1.1657830160425728
1.3210051926597237
1.2461797471361338
1.201388174418156
1.2845502209884587
1.2810217934682262
1.2434086898855827
1.2975073763576708
1.250158155866519
1.3233961591621328
1.2024878797774217
1.252057056723062
1.1798835734497926
1.2174196070295067
1.3047674129037528
1.1903599097023965
1.2410535444644324
1.1697234501460811
1.2226526720915951
1.2908997260914035
1.3204854118300362
1.310438134454856
1.2468996120451494
1.227741206615079
1.13579746864369
1.1983373081290885
1.3091554786738073
1.1890112352547686
1.3022561420942966
1.1904979599135777
1.2368215985371616
1.1695151047289276
1.3000573921575806
1.1210525296652816
1.251445265456941
1.2893746334023195
1.293934899084623
1.17225979911574
1.240092230593058
1.2442396811592153
1.2795685077676555
1.1650678315432728
1.2779178807707157
1.2010831723957918
1.207112947807064
1.2414229242992156
1.3141964325918067
1.2521307822475871
1.2743134467229507
1.1824121863713242
1.293117004528087
1.198855864655519
1.237664428539408
1.175292067132584
1.2397889601940837
1.2269943427814078
1.1281137816475408
1.294755197673633
1.208692707649542
1.2196956437065138
1.1396432576617044
1.195014402456707
1.2836973013134891
1.2394515632738106
1.2221695794460492
1.1695249896056306
1.2856020265942516
1.2385647177496697
1.1502243865046364
1.231495437281478
1.2189058718796009
1.2806542738408577
1.1610505318974735
1.2373067505492128
1.195211919418978
1.2789744353329762
1.1378805534050425
1.130336851094125
1.108085676405096
1.2762270672516915
1.186653007881579
1.1597905844952685
1.1911767473473585
1.260542739749
1.3129565565320853
1.1349692119650667
1.22567618727267
1.22425383296252
1.2231494560926075
1.2302696511225928
1.17335925752304
1.2362272125927185
1.2024994329094278
1.2629771904076053
1.1900447875484599
1.2089351118494331
1.2786990984711242
1.2009655420905683
1.233686510053813
1.2463981749380961
1.1848654727578432
1.1994362013022788
1.1407232176436173
1.2012793108948505
1.1434645815976523
1.2073250479589197
1.237252301649907
1.1759658811774214
1.1939976587530234
1.2428048537468572
1.2328547893231605
1.1494459403431734
1.104200286357136
1.1830026849709148
1.2402109157082157
1.2190523994615143
1.2187286319114166
1.2275217925590984
1.1804410772786376
1.1898471428241149
1.12321129981816
1.1615070572047406
1.1880437425608799
1.2211293947468054
1.221724994071077
1.1466477198152736
1.1607047621769289
1.1198976643898206
1.152323480997964
1.1944268463891154
1.1534040693206837
1.229045826403042
1.2465836519841216
1.2609996237508732
1.1619387622804465
1.1711822075891236
1.0615777180941217
1.07842624733153
1.0682890394356321
1.1823450482470486
1.0785790170298757
1.133824077372236
1.2209621176856704
1.1368440315173718
1.1114365878044283
1.207085377916928
1.1122880260696597
1.1364586505887173
1.1393058436589398
1.2267632738353722
1.2690498338229188
1.2155763715560475
1.1989695453177396
1.1145227075018396
1.175440082028581
1.1035454823549693
1.1842679254164328
1.1897256792267545
1.1130014244428383
1.1477598885780629
1.2118602413637534
1.1334399586859334
1.085191315657342
1.0964763041840377
1.2022687692572163
1.090782484484729
1.1011708260952429
1.2235924209596756
1.1690246289845991
1.1711716285363714
1.0560140341405013
1.1242012755687365
1.1374974004127354
1.2071702535441853
1.1831481157957051
1.1769385006180693
1.1154595336496778
1.1634245074578573
1.1490670122989415
1.184848285476487
1.1647173109985947
1.109130983881117
1.1302068900870632
1.0907623774980617
1.0607413215281687
1.1844816038053039
1.1747059848092116
1.1610426366441506
1.1932893123986128
1.0415493845292243
1.1883903452564977
1.1632355691178085
1.1906119361664989
1.2189769254534015
1.077348794986637
1.1092173525418199
1.2304980640309242
1.1210285690699269
1.1226114382036425
1.1306327587089855
1.115177687889972
1.215484344642518
1.174438692347734
1.1901233717127566
1.1980236534583466
1.181363198578269
1.0961874214771146
1.1721794332749367
1.1327421903735122
1.1122251754475525
1.1249121737268957
1.0593806033710231
1.114847170994093
1.1487377908118444
1.0893496230488255
1.1129407304392256
1.1383468005090256
1.1440752373347378
1.0282138823127431
